/Makefile/1.5/Mon Aug  7 05:31:44 2006//Tnetbsd-3-0
/date/1.3/Mon Aug  7 05:31:44 2006//Tnetbsd-3-0
/loop/1.3/Mon Aug  7 05:31:44 2006//Tnetbsd-3-0
/spell.ok/1.1.1.1/Mon Aug  7 05:31:44 2006//Tnetbsd-3-0
/time/1.3/Mon Aug  7 05:31:44 2006//Tnetbsd-3-0
/timed.ms/1.5/Mon Aug  7 05:31:44 2006//Tnetbsd-3-0
/unused/1.3/Mon Aug  7 05:31:44 2006//Tnetbsd-3-0
D
